****************************************************************************************
Output generated by CrystalDiffract(R) for Windows 6.5.3
Copyright © 1994-2015 CrystalMaker Software Ltd <http://www.crystalmaker.com>

(This file looks best when viewed using a non-proportional font such as Courier New.)
****************************************************************************************

  h   k   l   d(hkl)    2-Theta     Intensity  I/Imax   m     N        Lp

  1   0   1   4.48827   19.7641  2.08488e+000    4.2%   4     2    16.246
  0   0   2   3.45535   25.7617  5.47465e+000   11.0%   2     4     9.346
  0   1   1   3.20759   27.7900  2.38676e-001    0.5%   4     2     7.961
  1   0   2   2.98198   29.9398  6.15630e-001    1.2%   4     5     6.791
  2   0   0   2.95130   30.2585  9.76920e-001    2.0%   2     4     6.638
  1   1   1   2.81834   31.7227  9.17843e+000   18.4%   8     3     5.997
  2   0   1   2.71415   32.9745  1.39872e-002    0.0%   4     5     5.515
  1   1   2   2.30196   39.0988  4.98141e+001  100.0%   8     6     3.796
  2   1   0   2.28776   39.3514  3.08437e+001   61.9%   4     5     3.742
  2   0   2   2.24414   40.1490  1.21588e+000    2.4%   4     8     3.579
  2   1   1   2.17185   41.5460  3.39667e+001   68.2%   8     6     3.316
  1   0   3   2.14594   42.0713  2.34005e+001   47.0%   4    10     3.224
  0   1   3   1.94365   46.6950  5.06408e+000   10.2%   4    10     2.549
  2   1   2   1.90755   47.6327  1.13356e+001   22.8%   8     9     2.437
  3   0   1   1.89233   48.0398  1.53361e+001   30.8%   4    10     2.390
  1   1   3   1.84614   49.3209  2.07531e+001   41.7%   8    11     2.252
  2   0   3   1.81590   50.1983  3.83746e+000    7.7%   4    13     2.163
  0   2   0   1.81065   50.3541  2.28692e+001   45.9%   2     4     2.148
  0   0   4   1.72767   52.9553  1.36962e+000    2.7%   2    16     1.915
  3   0   2   1.70978   53.5535  9.17700e+000   18.4%   4    13     1.867
  1   2   1   1.67916   54.6104  3.12448e-001    0.6%   8     6     1.785
  3   1   1   1.67715   54.6812  3.86375e+000    7.8%   8    11     1.780
  1   0   4   1.65811   55.3628  4.31743e+000    8.7%   4    17     1.731
  2   1   3   1.62325   56.6575  2.74237e+000    5.5%   8    14     1.642
  0   2   2   1.60380   57.4082  1.12510e+000    2.3%   4     8     1.594
  1   2   2   1.54768   59.6958  1.46571e-001    0.3%   8     9     1.460
  3   1   2   1.54611   59.7627  4.93860e-001    1.0%   8    14     1.456
  2   2   0   1.54335   59.8807  2.08866e-001    0.4%   4     8     1.450
  1   1   4   1.50759   61.4524  4.90860e-002    0.1%   8    18     1.368
  2   2   1   1.50624   61.5133  6.67731e-003    0.0%   8     9     1.365
  3   0   3   1.49609   61.9765  9.40683e-002    0.2%   4    18     1.343
  2   0   4   1.49099   62.2121  3.69914e-001    0.7%   4    20     1.332
  4   0   0   1.47565   62.9323  2.69765e-002    0.1%   2    16     1.298
  4   0   1   1.44312   64.5200  1.07018e+000    2.1%   4    17     1.230
  2   2   2   1.40917   66.2710  4.60986e-001    0.9%   8    12     1.161
  1   2   3   1.38386   67.6445  1.00205e+001   20.1%   8    14     1.112
  3   1   3   1.38273   67.7069  8.55089e-001    1.7%   8    19     1.110
  2   1   4   1.37870   67.9318  2.47314e-001    0.5%   8    21     1.102
  4   1   0   1.36655   68.6199  2.80915e-001    0.6%   4    17     1.079
  4   0   2   1.35708   69.1665  4.06605e+000    8.2%   4    20     1.062
  1   0   5   1.34574   69.8334  7.72846e-003    0.0%   4    26     1.041
  4   1   1   1.34059   70.1410  1.02222e+000    2.1%   8    18     1.032
  3   2   1   1.30825   72.1422  8.10723e+000   16.3%   8    14     0.976
  3   0   4   1.29822   72.7884  1.03935e-003    0.0%   4    25     0.959
  0   1   5   1.29128   73.2426  4.82252e+000    9.7%   4    26     0.948
  2   2   3   1.28218   73.8488  2.19065e+000    4.4%   8    17     0.934
  4   1   2   1.27078   74.6233  8.56962e-001    1.7%   8    21     0.916
  1   1   5   1.26145   75.2702  1.09615e-001    0.2%   8    27     0.901
  2   0   5   1.25168   75.9617  3.79405e+000    7.6%   4    29     0.887
  0   2   4   1.24996   76.0852  8.81299e-001    1.8%   4    20     0.884
  3   2   2   1.24313   76.5785  5.94392e+000   11.9%   8    17     0.874
  4   0   3   1.24256   76.6196  2.79799e-001    0.6%   4    25     0.873
  1   2   4   1.22284   78.0874  2.93982e+000    5.9%   8    21     0.846
  3   1   4   1.22206   78.1464  6.12932e+000   12.3%   8    26     0.845
  0   3   1   1.18910   80.7499  1.82910e-003    0.0%   4    10     0.802
  2   1   5   1.18301   81.2524  4.67301e+000    9.4%   8    30     0.795
  4   1   3   1.17530   81.8986  1.93841e+000    3.9%   8    26     0.786
  1   3   1   1.16568   82.7219  4.53157e-001    0.9%   8    11     0.775
  5   0   1   1.16366   82.8967  8.71085e-001    1.7%   4    26     0.773
  3   2   3   1.15332   83.8072  6.98905e-002    0.1%   8    22     0.762
  0   0   6   1.15178   83.9448  7.57300e-001    1.5%   2    36     0.760
  2   2   4   1.15098   84.0166  2.46543e-001    0.5%   8    24     0.759
  4   2   0   1.14388   84.6589  2.98037e-002    0.1%   4    20     0.752
  3   0   5   1.13098   85.8555  5.03735e-002    0.1%   4    34     0.740
  1   0   6   1.13046   85.9041  1.60146e+000    3.2%   4    37     0.739
  4   2   1   1.12853   86.0873  8.87434e-001    1.8%   8    21     0.738
  4   0   4   1.12207   86.7047  2.70191e+000    5.4%   4    32     0.732
  1   3   2   1.11890   87.0111  4.06597e+000    8.2%   8    14     0.729
  2   3   0   1.11726   87.1711  2.60785e+000    5.2%   4    13     0.728
  5   0   2   1.11712   87.1848  1.59165e-001    0.3%   4    29     0.728
  5   1   1   1.10787   88.0992  7.30059e+000   14.7%   8    27     0.720
  2   3   1   1.10294   88.5958  3.39671e+000    6.8%   8    14     0.717
  4   2   2   1.08592   90.3613  3.87027e+000    7.8%   8    24     0.705
  1   2   5   1.08009   90.9860  7.45335e-003    0.0%   8    30     0.701
  3   1   5   1.07955   91.0438  5.17690e-004    0.0%   8    35     0.701
  1   1   6   1.07910   91.0923  1.36400e-001    0.3%   8    38     0.701
  2   0   6   1.07297   91.7623  1.55183e-001    0.3%   4    40     0.697
  4   1   4   1.07180   91.8915  8.87592e-001    1.8%   8    33     0.697
  0   3   3   1.06920   92.1798  6.78987e-001    1.4%   4    18     0.696
  5   1   2   1.06748   92.3713  2.03630e-001    0.4%   8    30     0.695
  2   3   2   1.06307   92.8681  1.51447e+000    3.0%   8    17     0.693
  3   2   4   1.05505   93.7876  2.35464e-003    0.0%   8    29     0.689
  1   3   3   1.05208   94.1344  3.21926e+000    6.5%   8    19     0.688
  5   0   3   1.05059   94.3083  5.26806e-002    0.1%   4    34     0.688
  2   2   5   1.02961   96.8568  4.25189e+000    8.5%   8    33     0.683
  2   1   6   1.02876   96.9638  4.04751e-002    0.1%   8    41     0.683
  4   2   3   1.02452   97.5010  3.18439e-001    0.6%   8    29     0.682
  3   3   1   1.01768   98.3832  8.02937e-001    1.6%   8    19     0.682
  5   1   3   1.00899   99.5328  5.89661e-001    1.2%   8    35     0.682
  4   0   5   1.00876   99.5638  9.41332e-002    0.2%   4    41     0.682
  2   3   3   1.00526  100.0365  5.98518e-001    1.2%   8    22     0.683
  3   0   6   0.99399  101.5984  1.77203e-004    0.0%   4    45     0.685
  3   3   2   0.98611  102.7288  1.13950e-001    0.2%   8    22     0.688
  6   0   0   0.98377  103.0706  5.61702e-002    0.1%   2    36     0.689
  5   2   1   0.97893  103.7863  1.16098e+000    2.3%   8    30     0.691
  1   3   4   0.97589  104.2426  1.35160e-002    0.0%   8    26     0.693
  5   0   4   0.97471  104.4216  1.14620e+000    2.3%   4    41     0.694
  6   0   1   0.97395  104.5367  9.16958e-001    1.8%   4    37     0.694
  1   0   7   0.97372  104.5717  1.22954e+000    2.5%   4    50     0.694
  0   2   6   0.97182  104.8608  1.06008e+000    2.1%   4    40     0.696
  4   1   5   0.97176  104.8705  1.54969e+000    3.1%   8    42     0.696
  3   2   5   0.95923  106.8392  7.21708e-002    0.1%   8    38     0.705
  1   2   6   0.95891  106.8898  2.33116e+000    4.7%   8    41     0.705
  3   1   6   0.95854  106.9502  3.39210e+000    6.8%   8    46     0.706
  4   2   4   0.95378  107.7267  4.01694e+000    8.1%   8    36     0.710
  0   1   7   0.95248  107.9401  5.37502e-001    1.1%   4    50     0.712
  5   2   2   0.95073  108.2307  2.48476e-001    0.5%   8    33     0.713
  6   1   0   0.94936  108.4599  4.15528e-002    0.1%   4    37     0.715
  6   0   2   0.94617  108.9984  1.38360e-001    0.3%   4    40     0.718
  5   1   4   0.94121  109.8492  1.19704e+000    2.4%   8    42     0.724
  6   1   1   0.94053  109.9676  8.10134e-001    1.6%   8    38     0.725
  1   1   7   0.94032  110.0037  1.96042e+000    3.9%   8    51     0.726
  3   3   3   0.93945  110.1558  2.52546e-001    0.5%   8    27     0.727
  2   3   4   0.93818  110.3778  8.78142e-002    0.2%   8    29     0.728
  2   0   7   0.93625  110.7181  7.29326e-001    1.5%   4    53     0.731
  4   3   0   0.93432  111.0611  1.03846e-001    0.2%   4    25     0.734
  4   3   1   0.92590  112.5948  3.59753e-001    0.7%   8    26     0.747
  2   2   6   0.92307  113.1233  2.49880e-001    0.5%   8    44     0.752
  6   1   2   0.91544  114.5843  2.42172e+000    4.9%   8    41     0.767
  0   3   5   0.90918  115.8233  2.12380e+000    4.3%   4    34     0.780
  5   2   3   0.90871  115.9178  9.42998e-002    0.2%   8    38     0.781
  4   0   6   0.90795  116.0700  1.20984e+000    2.4%   4    52     0.783
  2   1   7   0.90644  116.3761  6.43773e-001    1.3%   8    54     0.786
  0   4   0   0.90532  116.6049  3.20154e+000    6.4%   2    16     0.789
  6   0   3   0.90472  116.7296  9.51771e-001    1.9%   4    45     0.791
  4   3   2   0.90193  117.3068  4.19072e-001    0.8%   8    29     0.798
  1   3   5   0.89858  118.0121  5.66383e-002    0.1%   8    35     0.806
  5   0   5   0.89765  118.2087  1.20274e-002    0.0%   4    50     0.809
  1   4   1   0.88745  120.4471  5.73831e-002    0.1%   8    18     0.840
  3   3   4   0.88401  121.2322  3.53899e+000    7.1%   8    34     0.851
  3   0   7   0.88239  121.6057  1.40435e-001    0.3%   4    58     0.857
  4   2   5   0.88123  121.8775  1.90058e-001    0.4%   8    45     0.861
  4   1   6   0.88069  122.0027  6.66079e-001    1.3%   8    53     0.863
  6   1   3   0.87774  122.7020  1.00623e-003    0.0%   8    46     0.875
  0   4   2   0.87576  123.1769  2.30308e-001    0.5%   4    20     0.883
  3   2   6   0.87133  124.2642  7.29489e-004    0.0%   8    49     0.901
  5   1   5   0.87129  124.2756  4.75268e-002    0.1%   8    51     0.901
  2   3   5   0.86888  124.8784  3.25883e+000    6.5%   8    38     0.912
  1   4   2   0.86628  125.5410  1.62148e-002    0.0%   8    21     0.925
  4   3   3   0.86581  125.6613  1.31129e+000    2.6%   8    34     0.927
  2   4   0   0.86552  125.7377  3.42256e-002    0.1%   4    20     0.928
  6   2   0   0.86442  126.0230  1.18435e-001    0.2%   4    40     0.934
  0   0   8   0.86384  126.1745  3.69687e-002    0.1%   2    64     0.937
  2   4   1   0.85881  127.5116  1.72544e-003    0.0%   8    21     0.963
  5   2   4   0.85825  127.6629  2.52129e+000    5.1%   8    45     0.966
  6   2   1   0.85773  127.8037  2.03979e+000    4.1%   8    41     0.969
  1   2   7   0.85758  127.8467  2.73888e+000    5.5%   8    54     0.970
  3   1   7   0.85731  127.9199  5.30115e-002    0.1%   8    59     0.972
  6   0   4   0.85489  128.5878  1.06377e-001    0.2%   4    52     0.986
  1   0   8   0.85473  128.6312  1.15620e-001    0.2%   4    65     0.987
  2   4   2   0.83958  133.1150  1.72770e-001    0.3%   8    24     1.095
  6   2   2   0.83858  133.4326  3.36977e-001    0.7%   8    44     1.104
  5   3   1   0.83777  133.6895  6.87966e+000   13.8%   8    35     1.111
  7   0   1   0.83702  133.9298  8.35713e-001    1.7%   4    50     1.118
  1   4   3   0.83413  134.8719  4.45193e+000    8.9%   8    26     1.144
  6   1   4   0.83202  135.5779  2.73485e+000    5.5%   8    53     1.165
  1   1   8   0.83187  135.6264  5.20001e+000   10.4%   8    66     1.167
  2   2   7   0.83165  135.7031  1.85586e+000    3.7%   8    57     1.169
  2   0   8   0.82905  136.5925  2.12822e-003    0.0%   4    68     1.196
  3   3   5   0.82532  137.9136  4.48851e-004    0.0%   8    43     1.240
  1   3   6   0.82512  137.9860  1.39161e-001    0.3%   8    46     1.242
  5   0   6   0.82441  138.2457  1.32815e+000    2.7%   4    61     1.251
  4   3   4   0.82184  139.1939  1.02485e+000    2.1%   8    41     1.284
  4   0   7   0.82054  139.6841  3.55752e-001    0.7%   4    65     1.302
  5   3   2   0.81989  139.9330  2.49033e-001    0.5%   8    38     1.311
  7   0   2   0.81919  140.2032  1.88327e+000    3.8%   4    53     1.321
  3   4   1   0.81667  141.1893  5.04271e+000   10.1%   8    26     1.359
  7   1   1   0.81552  141.6528  7.19221e-001    1.4%   8    51     1.378
  4   2   6   0.81163  143.2667  3.64135e+000    7.3%   8    56     1.447
  2   4   3   0.81022  143.8721  1.54454e+000    3.1%   8    29     1.474
  6   2   3   0.80931  144.2662  2.91289e+000    5.8%   8    49     1.492
  2   1   8   0.80815  144.7831  1.18592e+000    2.4%   8    69     1.517
  5   2   5   0.80425  146.5787  3.89456e-002    0.1%   8    54     1.608
  5   1   6   0.80384  146.7721  1.92471e+000    3.9%   8    62     1.618
  2   3   6   0.80195  147.6891  6.62857e-002    0.1%   8    49     1.670
  0   4   4   0.80190  147.7145  8.36445e-001    1.7%   4    32     1.671
  6   0   5   0.80148  147.9237  3.45499e-002    0.1%   4    61     1.683
  4   1   7   0.80026  148.5371  4.42090e+000    8.9%   8    66     1.719
  3   4   2   0.80009  148.6235  5.63974e+000   11.3%   8    29     1.725
  7   1   2   0.79900  149.1831  2.17534e+000    4.4%   8    54     1.759
  1   4   4   0.79460  151.5769  3.16191e+000    6.3%   8    33     1.922
  3   2   7   0.79321  152.3784  5.51130e-001    1.1%   8    62     1.982
  5   3   3   0.79248  152.8143  1.17389e+000    2.4%   8    43     2.017
  7   0   3   0.79184  153.1963  1.87623e+000    3.8%   4    58     2.048
  3   0   8   0.79096  153.7385  4.00506e+000    8.0%   4    73     2.094
  6   1   5   0.78254  159.6905  1.00508e+001   20.2%   8    62     2.751
  0   2   8   0.77965  162.2142  2.03063e-001    0.4%   4    68     3.159
  3   4   3   0.77455  167.9600  2.57455e-001    0.5%   8    34     4.716
  4   3   5   0.77405  168.6822  7.03071e+000   14.1%   8    50     5.022
  2   4   4   0.77384  169.0028  8.26025e-001    1.7%   8    36     5.171
  7   1   3   0.77357  169.4347  2.32889e-001    0.5%   8    59     5.385
  6   2   4   0.77306  170.2893  9.93522e-001    2.0%   8    56     5.865
  1   2   8   0.77294  170.4927  1.19249e+000    2.4%   8    69     5.992
  3   1   8   0.77274  170.8493  4.98167e-002    0.1%   8    74     6.228
  4   4   0   0.77167  173.1166  2.31127e-001    0.5%   4    32     8.299
****************************************************************************************
